73,35
10,299
10,131
10,113
10,137
10,217
10,211
10,289
10,227
11,19
11,25
11,20
67,5
11,21
67,4
11,6
67,3
11,13
67,1
11,9
66,4
11,2
66,3
11,3
66,1
65,71
65,70
65,69
65,68
65,67
65,66
65,65
65,64
65,36
65,35
65,34
65,33
65,32
65,31
65,30
65,29
65,28
65,27
65,26
65,25
65,24
65,23
65,22
65,21
65,20
65,19
65,18
65,17
65,16
65,15
65,14
65,13
65,12
65,11
65,10
65,9
65,8
65,7
65,6
65,5
9,5
65,2
65,0
63,7
63,5
63,4
63,3
63,1
8,10
8,14
62,4
8,7
8,13
62,3
8,5
8,3
62,1
61,3
61,1
60,5
60,4
60,3
60,1
59,3
59,1
58,4
58,3
58,1
57,5
57,4
57,3
57,1
56,4
56,3
56,1
20,3
20,2
20,1
12,3
19,2
12,2
19,1
12,1
19,3
11,28
11,26
11,1
